[3, 2002]	1
[3, 2014]	3
[3, 2015]	482
[4, 2004]	1
[4, 2005]	2
[4, 2008]	1
[4, 2014]	2
[4, 2015]	626
[5, 2008]	1
[5, 2014]	5
[5, 2015]	449
[9, 2004]	1
[9, 2006]	1
[9, 2008]	3
[9, 2014]	3
[9, 2015]	478
[6, 2002]	1
[6, 2004]	1
[6, 2005]	1
[6, 2008]	2
[6, 2014]	4
[6, 2015]	618
[7, 2015]	579
[8, 2001]	1
[8, 2004]	2
[8, 2005]	3
[8, 2008]	2
[8, 2014]	7
[8, 2015]	647
[20, 2015]	150
[22, 2004]	2
[22, 2014]	1
[22, 2015]	391
[24, 2005]	1
[24, 2006]	1
[24, 2014]	3
[24, 2015]	237
[25, 2001]	1
[25, 2005]	2
[25, 2008]	1
[25, 2014]	1
[25, 2015]	561
[1, 2005]	1
[1, 2006]	1
[1, 2014]	3
[1, 2015]	414
[10, 2008]	2
[10, 2014]	3
[10, 2015]	463
[11, 2004]	2
[11, 2008]	2
[11, 2014]	6
[11, 2015]	843
[12, 2014]	3
[12, 2015]	418
[14, 2014]	3
[14, 2015]	317
[15, 2014]	3
[15, 2015]	448
[16, 2015]	357
[17, 2014]	3
[17, 2015]	255
[18, 2014]	4
[18, 2015]	368
[19, 2005]	1
[19, 2008]	1
[19, 2014]	4
[19, 2015]	386
[2, 2001]	1
[2, 2002]	1
[2, 2004]	2
[2, 2005]	2
[2, 2008]	1
[2, 2014]	2
[2, 2015]	400
